CountyCode,CountyName,DistrictCode,DistrictName,White,Hispanic,BlackorAfricanAmerican,Asian,NativeHawaiianorPacificIslan,AmericanIndianorAlaskaNative,TwoorMoreRaces
01,ATLANTIC,0010,ABSECON CITY,57.4,15.3,16.4,4.8,0.2,0,5.9
01,ATLANTIC,0110,ATLANTIC CITY,4.9,42.7,33.7,16.5,0.8,0.2,1.2
01,ATLANTIC,0120,ATLANTIC CO VOCATIONAL,32.4,37.3,22.3,4.5,0.6,0.3,2.6
01,ATLANTIC,0125,ATLANTIC CO SPECIAL SERV,35.9,29.1,24.8,6.8,1.1,0.3,2.0
01,ATLANTIC,0570,BRIGANTINE CITY,69.9,14.3,5.1,10.8,0,0,0
01,ATLANTIC,0590,BUENA REGIONAL,53.7,28.5,16.3,1.1,0,0,0.3
01,ATLANTIC,1300,EGG HARBOR CITY,25.0,39.7,27.6,1.5,0,0,6.2
01,ATLANTIC,1310,EGG HARBOR TWP,45.4,25.6,10.3,14.6,0.2,0.1,3.9
01,ATLANTIC,1410,ESTELL MANOR CITY,93.4,2.2,2.7,0,0.5,0,1.1
01,ATLANTIC,1540,FOLSOM BORO,88.1,5.3,2.5,0.8,0,0,3.3
01,ATLANTIC,1690,GALLOWAY TWP,42.4,22.9,17.6,10.6,0.1,0.1,6.3
01,ATLANTIC,1790,GREATER EGG HARBOR REG,47.6,20.8,20.3,9.0,0.2,0.1,2.1
01,ATLANTIC,1940,HAMILTON TWP,43.8,20.6,25.6,5.6,0,0.1,4.4
01,ATLANTIC,1960,HAMMONTON TOWN,66.8,27.9,3.3,0.6,0.0,0.1,1.4
01,ATLANTIC,2680,LINWOOD CITY,80.0,8.7,1.8,4.7,0,0,4.7
01,ATLANTIC,2910,MAINLAND REGIONAL,70.4,15.0,5.0,5.3,0.1,0,4.2
01,ATLANTIC,3020,MARGATE CITY,91.2,3.8,0.5,1.6,0.3,0.5,1.9
01,ATLANTIC,3480,MULLICA TWP,70.3,23.0,5.0,0.1,0,0,1.5
01,ATLANTIC,3720,NORTHFIELD CITY,76.8,13.7,1.7,6.0,0.1,0,1.8
01,ATLANTIC,4180,PLEASANTVILLE CITY,1.3,64.0,32.4,1.4,0.6,0.1,0.3
01,ATLANTIC,4240,PORT REPUBLIC CITY,95.7,0,2.6,1.7,0,0,0
01,ATLANTIC,4800,SOMERS POINT CITY,42.1,32.8,15.7,3.1,0.1,0.4,5.8
01,ATLANTIC,5350,VENTNOR CITY,38.1,43.0,3.2,12.0,0.1,0.1,3.4
01,ATLANTIC,5760,WEYMOUTH TWP,78.2,7.7,11.5,1.3,0,0,1.3
03,BERGEN,0040,ALLENDALE BORO,74.1,6.4,0.8,15.5,0.1,0.2,3.0
03,BERGEN,0080,ALPINE BORO,67.6,4.1,4.1,8.1,0,0,16.2
03,BERGEN,0285,BERGEN CO SPECIAL SERVICE,34.7,40.3,14.5,9.4,0.3,0,0.9
03,BERGEN,0290,BERGEN COUNTY VOCATIONAL,40.2,17.4,3.8,34.1,0.2,0.1,4.1
03,BERGEN,0300,BERGENFIELD BORO,11.9,51.1,7.5,26.7,0.6,0.2,2.1
03,BERGEN,0440,BOGOTA BORO,30.6,53.6,8.1,6.8,0.5,0,0.3
03,BERGEN,0740,CARLSTADT BORO,59.0,26.1,5.5,8.3,0.2,0,0.9
03,BERGEN,0745,CARLSTADT-EAST RUTHERFORD,49.8,33.5,6.1,9.7,0.2,0,0.6
03,BERGEN,0890,CLIFFSIDE PARK BORO,34.0,58.3,2.3,4.6,0.1,0.4,0.3
03,BERGEN,0930,CLOSTER BORO,49.1,6.5,0.6,41.3,0.7,0.2,1.6
03,BERGEN,0990,CRESSKILL BORO,55.9,5.9,0.5,35.5,0.1,0,2.2
03,BERGEN,1070,DEMAREST BORO,62.6,5.1,0.1,29.9,0,0,2.3
03,BERGEN,1130,DUMONT BORO,52.4,25.2,4.2,16.0,1.7,0.4,0.2
03,BERGEN,1230,EAST RUTHERFORD BORO,31.3,37.1,7.2,21.1,0.1,0.5,2.7
03,BERGEN,1270,EDGEWATER BORO,28.0,16.7,5.9,42.7,0.2,0.1,6.4
03,BERGEN,1345,ELMWOOD PARK,40.4,37.4,10.8,10.5,0.1,0.1,0.8
03,BERGEN,1360,EMERSON BORO,69.9,16.0,1.4,9.9,0.2,0.1,2.5
03,BERGEN,1370,ENGLEWOOD CITY,10.0,48.0,32.2,8.7,0.2,0.1,0.7
03,BERGEN,1380,ENGLEWOOD CLIFFS BORO,33.5,5.5,2.7,56.3,0.2,0,1.8
03,BERGEN,1450,FAIR LAWN BORO,62.7,17.8,2.6,13.8,0.6,0.4,2.0
03,BERGEN,1470,FAIRVIEW BORO,14.5,83.0,1.0,1.5,0,0,0.1
03,BERGEN,1550,FORT LEE BORO,27.6,20.0,4.2,46.5,0.3,0.1,1.3
03,BERGEN,1580,FRANKLIN LAKES BORO,85.2,3.6,1.7,8.4,0.3,0.1,0.7
03,BERGEN,1700,GARFIELD CITY,39.5,50.1,8.7,0.9,0.1,0.0,0.6
03,BERGEN,1760,GLEN ROCK BORO,77.5,3.8,0.9,14.8,0.1,0.1,2.8
03,BERGEN,1860,HACKENSACK CITY,10.0,60.4,22.7,5.7,0.3,0.2,0.7
03,BERGEN,2050,HARRINGTON PARK BORO,59.1,4.2,0.5,26.8,0.7,0,8.8
03,BERGEN,2080,HASBROUCK HEIGHTS BORO,55.9,26.5,3.1,13.3,0.1,0,1.1
03,BERGEN,2090,HAWORTH BORO,73.0,5.1,0.7,12.5,0,0,8.7
03,BERGEN,2180,HILLSDALE BORO,75.9,13.1,0.9,7.1,0.5,0.1,2.4
03,BERGEN,2200,HO HO KUS BORO,81.6,8.1,0.7,9.1,0,0,0.5
03,BERGEN,2620,LEONIA BORO,29.0,23.1,4.1,39.4,0.3,0.3,3.9
03,BERGEN,2710,LITTLE FERRY BORO,29.7,43.7,4.2,18.5,3.1,0.1,0.8
03,BERGEN,2740,LODI BOROUGH,26.5,55.0,8.9,7.3,0.9,0.2,1.2
03,BERGEN,2860,LYNDHURST TWP,59.6,32.0,3.3,3.0,0.0,0,2.1
03,BERGEN,2900,MAHWAH TWP,69.2,9.2,2.8,13.4,0.1,0.6,4.7
03,BERGEN,3060,MAYWOOD BORO,42.3,29.1,9.4,18.4,0.3,0.2,0.3
03,BERGEN,3170,MIDLAND PARK BORO,81.0,13.2,0.6,3.2,0.1,0.1,1.8
03,BERGEN,3330,MONTVALE BORO,67.6,7.8,1.4,21.6,0,0,1.6
03,BERGEN,3350,MOONACHIE BORO,28.0,55.8,1.9,11.2,1.2,0.6,1.2
03,BERGEN,3550,NEW MILFORD BORO,47.0,23.7,5.3,14.9,8.2,0.0,0.8
03,BERGEN,3600,NORTH ARLINGTON BORO,56.3,36.9,1.3,4.6,0.3,0.1,0.6
03,BERGEN,3700,NORTHERN HIGHLANDS REG,80.6,5.3,1.3,12.1,0.1,0,0.7
03,BERGEN,3710,NORTHERN VALLEY REGIONAL,63.0,7.3,0.8,25.8,0.2,0.1,2.8
03,BERGEN,3730,NORTHVALE BORO,55.5,12.8,1.4,30.0,0,0,0.4
03,BERGEN,3740,NORWOOD BORO,46.4,8.5,1.7,39.1,0.3,0,4.0
03,BERGEN,3760,OAKLAND BORO,83.8,8.4,0.8,2.2,0.1,0.1,4.7
03,BERGEN,3850,OLD TAPPAN BORO,61.8,3.5,0.5,32.6,0.6,0,1.1
03,BERGEN,3870,ORADELL BORO,67.5,8.4,0.3,19.5,0.1,0.1,4.1
03,BERGEN,3910,PALISADES PARK,10.3,46.2,0.9,41.0,0.4,0.1,1.0
03,BERGEN,3930,PARAMUS BORO,53.7,12.4,1.4,30.2,0.2,0.2,1.8
03,BERGEN,3940,PARK RIDGE BORO,74.8,14.8,1.1,7.1,0.2,0,2.2
03,BERGEN,3960,PASCACK VALLEY REGIONAL,80.4,8.7,0.9,9.1,0.0,0.1,0.8
03,BERGEN,4300,RAMAPO-INDIAN HILL REG,87.7,5.3,0.9,4.6,0.1,0,1.5
03,BERGEN,4310,RAMSEY BORO,78.5,9.5,0.6,9.0,0.1,0.1,2.2
03,BERGEN,4370,RIDGEFIELD BORO,32.4,36.9,3.0,26.5,0,0.2,1.0
03,BERGEN,4380,RIDGEFIELD PARK TWP,25.6,57.2,5.6,10.8,0.6,0.1,0.2
03,BERGEN,4390,RIDGEWOOD VILLAGE,64.6,9.1,1.2,18.4,0.1,0.0,6.7
03,BERGEN,4405,RIVER DELL REGIONAL,66.6,9.2,1.2,20.3,0.1,0,2.5
03,BERGEN,4410,RIVER EDGE BORO,50.2,9.0,1.9,35.3,0,0,3.6
03,BERGEN,4430,RIVER VALE TWP,80.7,3.1,1.3,14.1,0.3,0.2,0.4
03,BERGEN,4470,ROCHELLE PARK TWP,48.4,33.7,5.1,12.9,0,0,0
03,BERGEN,4600,RUTHERFORD BORO,55.7,20.9,2.3,16.5,0.1,0.2,4.2
03,BERGEN,4610,SADDLE BROOK TWP,64.7,23.4,2.9,8.0,0.5,0.1,0.5
03,BERGEN,4620,SADDLE RIVER BORO,71.4,1.9,0.6,13.6,0,0,12.3
03,BERGEN,4845,SOUTH BERGEN JOINTURE COM,50.7,31.5,9.9,5.4,0.8,0.3,1.4
03,BERGEN,4870,SOUTH HACKENSACK TWP,26.2,59.9,6.1,6.5,0.3,0.3,0.7
03,BERGEN,5150,TEANECK TWP,12.5,37.3,35.3,11.4,0.4,0.6,2.6
03,BERGEN,5160,TENAFLY BORO,53.9,6.8,1.2,34.3,0.1,0.0,3.7
03,BERGEN,5330,UPPER SADDLE RIVER BORO,71.5,7.7,1.3,16.4,0.2,0.1,2.8
03,BERGEN,5410,WALDWICK BORO,76.1,13.9,1.7,6.1,0.1,0,2.1
03,BERGEN,5430,WALLINGTON BORO,66.6,26.9,1.4,3.8,0,0,1.4
03,BERGEN,5755,WESTWOOD REGIONAL,74.1,14.5,2.7,6.7,0.2,0.1,1.7
03,BERGEN,5830,WOOD-RIDGE BORO,62.5,24.6,4.5,6.7,0,0,1.6
03,BERGEN,5880,WOODCLIFF LAKE BORO,83.9,5.9,0.8,7.7,0,0.1,1.5
03,BERGEN,5920,WYCKOFF TWP,85.2,4.9,0.6,5.9,0,0.1,3.4
05,BURLINGTON,0200,BASS RIVER TWP,90.9,6.4,0,0,0,0,2.7
05,BURLINGTON,0380,BEVERLY CITY,32.1,30.7,28.7,0,0,0.3,8.1
05,BURLINGTON,0475,BORDENTOWN REGIONAL,66.8,9.6,13.9,9.3,0.2,0,0.2
05,BURLINGTON,0600,BURLINGTON CITY,31.0,12.3,52.1,3.0,0.1,0.1,1.3
05,BURLINGTON,0605,BURLINGTON CO SPEC SERV,44.0,13.4,35.6,3.3,0.2,0.5,3.1
05,BURLINGTON,0610,BURLINGTON CO VOCATIONAL,35.2,16.4,38.4,1.8,0.1,0.3,7.8
05,BURLINGTON,0620,BURLINGTON TWP,41.2,10.0,33.2,10.6,0.2,0.3,4.5
05,BURLINGTON,0830,CHESTERFIELD TWP,58.7,4.1,4.1,29.7,0.3,0.3,2.9
05,BURLINGTON,0840,CINNAMINSON TWP,78.2,7.1,7.8,2.5,0.2,0.0,4.1
05,BURLINGTON,1030,DELANCO TWP,62.8,12.7,18.1,1.5,0.2,0,4.7
05,BURLINGTON,1060,DELRAN TWP,71.8,12.6,8.7,3.5,0.0,0.0,3.4
05,BURLINGTON,1250,EASTAMPTON TWP,54.9,15.7,22.0,3.0,0,0,4.5
05,BURLINGTON,1280,EDGEWATER PARK TWP,33.8,32.4,27.2,2.0,0,0,4.6
05,BURLINGTON,1420,EVESHAM TWP,78.3,4.0,6.2,9.6,0.3,0.2,1.4
05,BURLINGTON,1520,FLORENCE TWP,59.7,6.4,22.1,10.8,0.4,0.3,0.4
05,BURLINGTON,1910,HAINESPORT TWP,74.1,6.9,10.5,3.9,0.7,0.3,3.6
05,BURLINGTON,2610,LENAPE REGIONAL,78.8,5.2,8.1,7.0,0.2,0.1,0.6
05,BURLINGTON,2850,LUMBERTON TWP,51.6,11.6,23.5,4.6,0.2,0.2,8.4
05,BURLINGTON,2960,MANSFIELD TWP,68.7,6.9,9.4,9.4,0.2,0,5.3
05,BURLINGTON,3010,MAPLE SHADE TWP,53.7,22.5,16.0,3.9,0,0,3.9
05,BURLINGTON,3070,MEDFORD LAKES BORO,96.4,1.7,0.6,0.6,0,0,0.8
05,BURLINGTON,3080,MEDFORD TWP,86.4,6.2,1.1,2.7,0.1,0.0,3.5
05,BURLINGTON,3360,MOORESTOWN TWP,69.9,6.1,6.7,12.1,0,0.1,5.3
05,BURLINGTON,3430,MOUNT HOLLY TWP,42.3,19.7,28.8,2.8,0.4,0.1,6.0
05,BURLINGTON,3440,MOUNT LAUREL TWP,57.1,8.5,13.3,15.1,0.3,0.1,5.6
05,BURLINGTON,3540,NEW HANOVER TWP,34.7,36.4,14.2,4.0,0,1.1,9.7
05,BURLINGTON,3650,NORTH HANOVER TWP,56.7,19.9,11.1,1.2,1.0,0.3,9.8
05,BURLINGTON,3690,NORTHERN BURLINGTON REG,63.7,11.0,9.3,11.7,0.3,0.1,3.9
05,BURLINGTON,3920,PALMYRA BORO,54.7,13.9,20.9,3.1,0.4,0.1,6.8
05,BURLINGTON,4050,PEMBERTON TWP,54.1,16.8,23.6,1.7,0.4,0.3,3.1
05,BURLINGTON,4320,RANCOCAS VALLEY REGIONAL,55.9,11.1,24.7,6.6,0.1,0.3,1.2
05,BURLINGTON,4450,RIVERSIDE TWP,53.7,28.9,15.6,0.9,0.4,0.1,0.4
05,BURLINGTON,4460,RIVERTON,87.2,6.1,2.0,0.7,0,0,4.0
05,BURLINGTON,4740,SHAMONG TWP,88.2,6.9,0.6,0.1,0.3,0,3.9
05,BURLINGTON,4930,SOUTHAMPTON TWP,82.9,9.8,1.4,0.8,0,0,5.0
05,BURLINGTON,5010,SPRINGFIELD TWP,83.9,6.9,6.9,1.8,0.5,0,0
05,BURLINGTON,5130,TABERNACLE TWP,87.9,8.3,0.7,0.6,0.1,0.1,2.2
05,BURLINGTON,5720,WESTAMPTON,39.8,17.1,28.1,6.0,0,0,8.8
05,BURLINGTON,5805,WILLINGBORO TWP,2.7,11.1,82.4,1.8,0.3,0.3,1.4
05,BURLINGTON,5890,WOODLAND TWP,91.9,4.4,3.0,0,0,0,0.7
07,CAMDEN,0150,AUDUBON BORO,85.5,7.4,3.2,1.6,0.1,0.2,2.0
07,CAMDEN,0190,BARRINGTON BORO,81.3,6.1,5.6,3.4,0.7,0.2,2.8
07,CAMDEN,0260,BELLMAWR BORO,63.0,18.5,3.3,10.4,0,0,4.8
07,CAMDEN,0330,BERLIN BORO,82.0,6.3,5.0,2.9,0.4,0.1,3.3
07,CAMDEN,0340,BERLIN TWP,60.4,16.4,11.7,8.8,0.2,0,2.6
07,CAMDEN,0390,BLACK HORSE PIKE REGIONAL,58.5,9.3,24.6,7.0,0.1,0.1,0.3
07,CAMDEN,0580,BROOKLAWN BORO,59.9,17.5,14.0,3.2,1.3,0,4.1
07,CAMDEN,0680,CAMDEN CITY,0.7,55.0,42.8,1.0,0.1,0.1,0.4
07,CAMDEN,0700,CAMDEN COUNTY VOCATIONAL,26.0,41.0,27.6,2.2,0,0.1,3.1
07,CAMDEN,0800,CHERRY HILL TWP,58.6,11.5,8.0,17.5,0.3,0.0,4.1
07,CAMDEN,0880,CLEMENTON BORO,41.4,28.2,24.3,2.0,0,0,4.2
07,CAMDEN,0940,COLLINGSWOOD BORO,57.7,19.9,13.7,3.4,0.1,0.3,4.9
07,CAMDEN,1255,EASTERN CAMDEN COUNTY REG,62.8,7.6,10.1,15.6,0.2,0,3.7
07,CAMDEN,1720,GIBBSBORO BORO,77.7,11.3,3.0,4.2,0,0,3.8
07,CAMDEN,1770,GLOUCESTER CITY,69.1,15.9,9.5,5.2,0.1,0.0,0.2
07,CAMDEN,1780,GLOUCESTER TWP,54.8,11.2,24.2,5.1,0.3,0.2,4.2
07,CAMDEN,1799,"KIPP: COOPER NORCROSS, A NEW JERSEY NONPROFIT CORPORATION",0.6,35.1,57.3,0.1,0.5,1.3,5.1
07,CAMDEN,1801,"CAMDEN PREP, INC.",0.9,8.0,90.9,0,0,0,0.2
07,CAMDEN,1802,"MASTERY SCHOOLS OF CAMDEN, INC. ",0.1,63.9,34.5,0.6,0,0.3,0.5
07,CAMDEN,1880,HADDON HEIGHTS BORO,76.4,7.4,10.6,1.6,0,0.1,3.8
07,CAMDEN,1890,HADDON TWP,81.7,9.2,2.0,3.5,0.1,0.0,3.6
07,CAMDEN,1900,HADDONFIELD BORO,87.9,3.3,1.3,3.9,0.0,0.1,3.5
07,CAMDEN,2540,LAUREL SPRINGS BORO,77.4,6.8,8.4,2.1,0,0,5.3
07,CAMDEN,2560,LAWNSIDE BORO,3.6,15.0,77.5,1.3,0.3,0,2.3
07,CAMDEN,2670,LINDENWOLD BORO,9.8,51.7,35.0,2.0,0.1,0.1,1.2
07,CAMDEN,2890,MAGNOLIA BORO,52.6,18.0,21.1,2.1,0,0,6.2
07,CAMDEN,3110,MERCHANTVILLE BORO,54.4,22.5,14.6,3.4,0.5,0,4.6
07,CAMDEN,3420,MOUNT EPHRAIM BORO,84.2,8.3,4.1,1.2,0,0,2.2
07,CAMDEN,3770,OAKLYN BORO,76.5,13.2,5.3,3.6,0,0,1.4
07,CAMDEN,4060,PENNSAUKEN TWP,10.1,47.9,28.8,11.4,0.2,0.0,1.5
07,CAMDEN,4110,PINE HILL BORO,47.6,16.3,29.4,2.4,0.1,0.3,3.9
07,CAMDEN,4590,RUNNEMEDE BORO,79.0,11.0,2.7,3.2,0,0,4.1
07,CAMDEN,4790,SOMERDALE BORO,45.7,17.7,25.6,5.5,0,0.2,5.3
07,CAMDEN,5035,STERLING HIGH SCHOOL DIST,62.3,10.8,18.9,5.4,0.3,0,2.3
07,CAMDEN,5080,STRATFORD BORO,64.7,15.1,9.6,4.6,0.2,0,5.7
07,CAMDEN,5400,VOORHEES TWP,51.9,7.8,11.2,23.3,0.2,0.1,5.6
07,CAMDEN,5560,WATERFORD TWP,81.9,9.9,2.3,0.5,0.1,0.2,5.1
07,CAMDEN,5820,WINSLOW TWP,21.1,15.7,56.6,2.9,0.2,0.2,3.3
07,CAMDEN,5900,WOODLYNNE BORO,4.0,60.5,22.7,9.9,0.3,0.3,2.4
09,CAPE MAY,0170,AVALON BORO,90.7,8.0,1.3,0,0,0,0
09,CAPE MAY,0710,CAPE MAY CITY,65.7,23.8,7.7,0.7,2.1,0,0
09,CAPE MAY,0715,CAPE MAY CO SPECIAL SERV,67.2,18.5,12.8,0.5,0,0.5,0.5
09,CAPE MAY,0720,CAPE MAY CO VOCATIONAL,81.7,10.4,4.3,2.1,0,0,1.5
09,CAPE MAY,1080,DENNIS TWP,94.1,3.0,2.0,0.5,0,0.2,0.2
09,CAPE MAY,2820,LOWER CAPE MAY REGIONAL,82.4,9.7,5.5,1.1,0.2,0.2,0.9
09,CAPE MAY,2840,LOWER TWP,79.0,12.2,6.8,0.8,0.2,0.2,0.7
09,CAPE MAY,3130,MIDDLE TWP,63.2,14.7,18.0,2.7,0,0.1,1.3
09,CAPE MAY,3680,NORTH WILDWOOD CITY,81.1,11.7,0,0.5,0,0,6.8
09,CAPE MAY,3780,OCEAN CITY,84.0,9.7,3.5,1.2,0.3,0.2,0.9
09,CAPE MAY,5060,STONE HARBOR BORO,93.4,6.6,0,0,0,0,0
09,CAPE MAY,5340,UPPER TWP,92.3,3.9,0.3,0.6,0.1,0.1,2.7
09,CAPE MAY,5610,WEST CAPE MAY BORO,85.3,10.8,2.9,0,1.0,0,0
09,CAPE MAY,5790,WILDWOOD CITY,21.9,66.1,11.5,0.5,0.1,0,0
09,CAPE MAY,5800,WILDWOOD CREST BORO,85.6,10.8,1.4,1.1,0,0,1.1
09,CAPE MAY,5840,WOODBINE BORO,26.1,34.2,30.7,0,0,0,9.0
11,CUMBERLAND,0540,BRIDGETON CITY,3.7,72.4,22.1,0.1,0.0,0.2,1.5
11,CUMBERLAND,0950,COMMERCIAL TWP,69.3,12.8,15.2,0.5,0.2,0,2.0
11,CUMBERLAND,0995,CUMBERLAND CO VOCATIONAL,46.8,35.8,13.9,1.1,0,0.5,1.9
11,CUMBERLAND,0997,CUMBERLAND REGIONAL,48.0,22.5,22.4,1.5,0.4,1.1,4.0
11,CUMBERLAND,1020,DEERFIELD TWP,49.3,32.2,9.6,0.9,0,0,8.1
11,CUMBERLAND,1120,DOWNE TWP,91.4,4.8,2.7,0,0,0,1.1
11,CUMBERLAND,1460,FAIRFIELD TWP,9.5,25.3,53.9,0,0,1.7,9.7
11,CUMBERLAND,1820,GREENWICH TWP,85.5,8.1,1.6,0,0,0,4.8
11,CUMBERLAND,2270,HOPEWELL TWP,67.2,21.3,5.7,0.6,0,2.1,3.2
11,CUMBERLAND,2570,LAWRENCE TWP,69.5,15.6,8.3,0.9,0.2,1.5,4.1
11,CUMBERLAND,3050,MAURICE RIVER TWP,81.2,10.5,3.8,0.5,0,0,4.0
11,CUMBERLAND,3230,MILLVILLE CITY,39.3,24.6,31.8,0.9,0.1,0.2,3.2
11,CUMBERLAND,5070,STOW CREEK TWP,89.9,6.4,0,0,0,0,3.7
11,CUMBERLAND,5300,UPPER DEERFIELD TWP,50.1,24.1,18.6,1.8,0,0.6,4.8
11,CUMBERLAND,5390,VINELAND CITY,21.6,59.3,14.6,2.1,0.1,0.3,2.0
13,ESSEX,0250,BELLEVILLE TOWN,14.4,66.2,8.7,9.6,0.5,0.2,0.4
13,ESSEX,0410,BLOOMFIELD TWP,27.2,39.8,23.7,6.3,2.2,0.3,0.4
13,ESSEX,0660,CALDWELL-WEST CALDWELL,81.2,11.7,1.7,4.5,0.2,0,0.7
13,ESSEX,0760,CEDAR GROVE TWP,82.8,7.4,1.8,6.2,1.3,0.2,0.3
13,ESSEX,1210,EAST ORANGE,0.6,8.1,90.8,0.1,0.1,0.1,0.1
13,ESSEX,1387,ESSEX CO ED SERV COMM,1.1,24.2,74.7,0,0,0,0
13,ESSEX,1390,ESSEX CO VOC-TECH,1.4,52.4,44.2,0.8,0.5,0.4,0.3
13,ESSEX,1400,ESSEX FELLS BORO,81.2,5.7,2.6,4.8,0.9,0,4.8
13,ESSEX,1465,FAIRFIELD TWP,86.3,9.9,0,2.9,0,0,0.9
13,ESSEX,1750,GLEN RIDGE BORO,74.8,6.7,4.5,8.2,0.5,0.1,5.2
13,ESSEX,2330,IRVINGTON TOWNSHIP,0.6,18.1,80.2,0.5,0.3,0.1,0.3
13,ESSEX,2730,LIVINGSTON TWP,58.8,4.6,3.3,30.2,0.2,0.1,2.9
13,ESSEX,3190,MILLBURN TWP,54.5,5.1,1.6,33.4,0.0,0.1,5.3
13,ESSEX,3310,MONTCLAIR TOWN,51.0,12.0,24.7,5.6,0.1,0.2,6.5
13,ESSEX,3570,NEWARK CITY,7.6,47.5,43.3,0.8,0.2,0.3,0.3
13,ESSEX,3630,NORTH CALDWELL BORO,88.5,4.0,1.0,5.7,0,0,0.7
13,ESSEX,3750,NUTLEY TOWN,61.1,23.4,2.6,11.1,0.0,0.1,1.7
13,ESSEX,3880,CITY OF ORANGE TWP,0.3,37.3,61.7,0.3,0.0,0.0,0.4
13,ESSEX,4530,ROSELAND BORO,74.4,9.9,3.4,9.1,0,0.2,3.0
13,ESSEX,4900,SOUTH ORANGE-MAPLEWOOD,53.6,7.6,29.4,3.9,0.1,0.1,5.3
13,ESSEX,5370,VERONA BORO,80.2,10.6,2.3,4.4,0.3,0.2,1.9
13,ESSEX,5630,WEST ESSEX REGIONAL,84.4,7.7,1.4,4.9,0,0.1,1.6
13,ESSEX,5680,WEST ORANGE TOWN,20.4,30.9,38.5,5.3,0.3,0.1,4.4
15,GLOUCESTER,0860,CLAYTON BORO,50.4,13.3,24.6,2.2,0,0.3,9.2
15,GLOUCESTER,0870,CLEARVIEW REGIONAL,85.4,3.7,5.3,3.8,0.0,0.0,1.7
15,GLOUCESTER,1100,DEPTFORD TWP,57.7,12.2,22.9,6.4,0.2,0.0,0.5
15,GLOUCESTER,1180,EAST GREENWICH TWP,79.7,5.3,5.3,4.9,0.2,0,4.6
15,GLOUCESTER,1330,ELK TWP,68.0,15.9,14.5,0.5,0.8,0,0.3
15,GLOUCESTER,1590,FRANKLIN TWP,78.6,9.9,5.6,1.2,0,0.1,4.6
15,GLOUCESTER,1715,GATEWAY REGIONAL,81.1,8.6,5.6,2.1,0.2,0.1,2.2
15,GLOUCESTER,1730,GLASSBORO,42.2,12.0,32.5,3.0,0,0.8,9.6
15,GLOUCESTER,1774,GLOUCESTER CO SPEC SERV,55.8,13.1,24.8,1.9,0,0,4.5
15,GLOUCESTER,1775,GLOUCESTER CO VOCATIONAL,78.7,6.1,6.2,3.9,0.3,0,4.8
15,GLOUCESTER,1830,GREENWICH TWP,78.8,9.3,4.0,1.2,0.2,0,6.5
15,GLOUCESTER,2070,HARRISON TWP,82.9,5.6,3.8,4.4,0,0.1,3.2
15,GLOUCESTER,2440,KINGSWAY REGIONAL,76.2,5.8,11.5,4.4,0.2,0,1.8
15,GLOUCESTER,2750,LOGAN TWP,73.0,8.7,8.0,3.2,0,0,7.0
15,GLOUCESTER,2990,MANTUA TWP,90.0,2.8,4.6,1.6,0,0,1.1
15,GLOUCESTER,3280,MONROE TWP,67.2,8.9,16.4,3.0,0.1,0.3,4.1
15,GLOUCESTER,3490,NATIONAL PARK BORO,86.0,6.3,3.7,0.4,0,0.4,3.3
15,GLOUCESTER,4020,PAULSBORO BORO,33.9,9.8,53.2,0.3,0.2,0,2.6
15,GLOUCESTER,4140,PITMAN BORO,88.7,3.3,3.6,1.4,0.2,0,2.9
15,GLOUCESTER,4880,SOUTH HARRISON TWP,86.1,7.7,1.9,0.8,0.5,0,3.0
15,GLOUCESTER,4940,DELSEA REGIONAL H.S DIST.,77.5,7.3,10.8,1.5,0.1,0,2.9
15,GLOUCESTER,5120,SWEDESBORO-WOOLWICH,73.3,8.8,11.9,4.9,0.1,0.1,1.0
15,GLOUCESTER,5500,WASHINGTON TWP,79.3,5.3,8.0,4.7,0.1,0.0,2.7
15,GLOUCESTER,5590,WENONAH BORO,88.3,2.2,1.1,0.6,0,0,7.8
15,GLOUCESTER,5620,WEST DEPTFORD TWP,73.5,10.5,8.9,2.2,0.1,0,4.8
15,GLOUCESTER,5740,WESTVILLE BORO,67.8,15.1,10.7,4.3,0,0,2.0
15,GLOUCESTER,5860,WOODBURY CITY,29.6,24.6,36.7,1.7,0.2,0.3,6.8
15,GLOUCESTER,5870,WOODBURY HEIGHTS BORO,80.8,9.8,5.6,0.9,0,0,3.0
17,HUDSON,0220,BAYONNE CITY,41.6,38.3,8.9,8.1,0.2,0.1,2.7
17,HUDSON,1200,EAST NEWARK BORO,8.9,88.3,2.3,0.4,0,0,0
17,HUDSON,1850,GUTTENBERG TOWN,5.3,92.4,0.8,1.2,0,0,0.2
17,HUDSON,2060,HARRISON TOWN,16.8,71.1,2.0,9.4,0.1,0.0,0.5
17,HUDSON,2210,HOBOKEN CITY,47.2,35.3,10.8,5.0,0.2,0.2,1.3
17,HUDSON,2295,HUDSON COUNTY VOCATIONAL,26.2,41.8,10.8,19.2,1.3,0.5,0.2
17,HUDSON,2390,JERSEY CITY,13.6,38.8,27.1,18.4,0.7,0.2,1.3
17,HUDSON,2410,KEARNY TOWN,32.9,61.8,1.7,2.8,0.1,0.1,0.5
17,HUDSON,3610,NORTH BERGEN TWP,9.0,86.7,1.2,2.8,0.1,0.0,0.2
17,HUDSON,4730,SECAUCUS TOWN,36.9,31.1,3.8,27.1,0.2,0,1.0
17,HUDSON,5240,UNION CITY,2.1,95.5,1.1,1.4,0.0,0.0,0.0
17,HUDSON,5580,WEEHAWKEN TWP,30.0,56.0,4.4,8.7,0,0,0.9
17,HUDSON,5670,WEST NEW YORK TOWN,2.8,94.8,1.1,1.2,0.0,0,0.1
19,HUNTERDON,0020,ALEXANDRIA TWP,87.0,6.1,0.8,4.1,0,0,2.0
19,HUNTERDON,0370,BETHLEHEM TWP,86.6,7.1,1.3,3.4,0,0.3,1.3
19,HUNTERDON,0430,BLOOMSBURY BORO,77.4,2.4,11.9,7.1,0,0,1.2
19,HUNTERDON,0670,CALIFON BORO,91.2,8.8,0,0,0,0,0
19,HUNTERDON,0910,CLINTON TOWN,69.6,16.6,3.1,8.5,1.3,0,0.9
19,HUNTERDON,0920,CLINTON TWP,81.2,6.7,2.1,8.0,0,0,2.0
19,HUNTERDON,1040,DELAWARE TWP,82.2,9.7,0.3,2.8,0,0,5.1
19,HUNTERDON,1050,DELAWARE VALLEY REGIONAL,92.7,4.4,1.0,1.2,0.1,0,0.6
19,HUNTERDON,1160,EAST AMWELL TWP,82.4,10.8,2.5,3.7,0,0,0.6
19,HUNTERDON,1376,SOUTH HUNTERDON REGIONAL SCHOOL DISTRICT,73.5,17.9,4.8,0.6,0,0,3.2
19,HUNTERDON,1510,FLEMINGTON-RARITAN REG,71.9,14.3,3.5,9.0,0.1,0.1,1.1
19,HUNTERDON,1600,FRANKLIN TWP,85.0,8.9,0.3,5.8,0,0,0
19,HUNTERDON,1680,FRENCHTOWN BORO,80.8,8.5,3.1,3.8,0,0,3.8
19,HUNTERDON,1970,HAMPTON BORO,84.8,10.6,3.8,0,0,0,0.8
19,HUNTERDON,2140,HIGH BRIDGE BORO,83.4,8.8,3.2,3.2,0.3,0,1.1
19,HUNTERDON,2220,HOLLAND TWP,90.8,4.8,1.4,0.7,0.2,0,2.1
19,HUNTERDON,2300,HUNTERDON CENTRAL REG,79.9,9.2,3.0,6.2,0.0,0.0,1.6
19,HUNTERDON,2305,HUNTERDON CO ED SER COMM,20.0,13.3,66.7,0,0,0,0
19,HUNTERDON,2308,HUNTERDON CO VOCATIONAL,84.8,5.4,1.1,5.1,0,0,3.6
19,HUNTERDON,2450,KINGWOOD TWP,91.6,5.4,0.6,1.5,0.6,0,0.3
19,HUNTERDON,2590,LEBANON BORO,86.0,7.5,5.6,0.9,0,0,0
19,HUNTERDON,2600,LEBANON TWP,91.2,3.7,3.0,1.9,0,0.2,0
19,HUNTERDON,3180,MILFORD BORO,82.4,10.8,0,5.4,1.4,0,0
19,HUNTERDON,3660,N HUNT/VOORHEES REGIONAL,86.3,5.2,2.4,5.4,0,0.2,0.5
19,HUNTERDON,4350,READINGTON TWP,83.1,8.3,1.5,4.4,0.3,0.1,2.3
19,HUNTERDON,5180,TEWKSBURY TWP,86.1,5.6,0.5,2.0,0,0,5.8
19,HUNTERDON,5270,UNION TWP,86.4,5.1,1.6,5.4,0.2,0,1.3
21,MERCER,1245,EAST WINDSOR REGIONAL,31.5,39.6,9.4,17.3,0.1,0.1,2.0
21,MERCER,1430,EWING TWP,28.7,16.2,46.5,5.0,0.0,0.1,3.5
21,MERCER,1950,HAMILTON TWP,46.3,28.8,17.9,3.7,0.1,0.1,3.1
21,MERCER,2280,HOPEWELL VALLEY REGIONAL,75.9,4.6,2.5,12.6,0.1,0,4.4
21,MERCER,2580,LAWRENCE TWP,42.6,18.8,14.2,19.2,0.1,0.1,5.1
21,MERCER,3103,MERCER CO SPECIAL SERVICE,22.8,24.4,43.9,6.4,0,0.2,2.3
21,MERCER,3105,MERCER COUNTY VOCATIONAL,33.5,25.8,27.7,10.5,0,0.2,2.4
21,MERCER,4255,PRINCETON REGIONAL,53.3,14.3,6.1,19.7,0.0,0.1,6.4
21,MERCER,5210,TRENTON CITY,1.3,52.1,45.4,0.4,0.1,0.1,0.6
21,MERCER,5510,ROBBINSVILLE TWP,60.4,5.0,2.5,29.9,0.1,0.2,2.0
21,MERCER,5715,W WINDSOR-PLAINSBORO REG,19.9,4.6,5.0,69.0,0.1,0.0,1.3
23,MIDDLESEX,0750,CARTERET BORO,10.4,46.2,16.2,25.0,0.3,0.1,1.8
23,MIDDLESEX,0970,CRANBURY TWP,63.6,8.1,3.7,20.6,0,0,4.0
23,MIDDLESEX,1140,DUNELLEN BORO,35.7,45.9,11.9,6.2,0.1,0.2,0.1
23,MIDDLESEX,1170,EAST BRUNSWICK TWP,52.8,6.8,5.0,33.5,0.2,0.1,1.5
23,MIDDLESEX,1290,EDISON TWP,14.3,10.9,7.8,65.0,0.2,0.5,1.3
23,MIDDLESEX,2150,HIGHLAND PARK BORO,36.9,22.0,11.2,24.3,0.2,0.1,5.2
23,MIDDLESEX,2370,JAMESBURG BORO,35.4,51.1,7.9,3.4,0.6,0.3,1.4
23,MIDDLESEX,3120,METUCHEN BORO,56.9,12.3,4.3,21.7,0.2,0.0,4.6
23,MIDDLESEX,3140,MIDDLESEX BORO,51.9,31.3,7.1,7.0,0.3,0.2,2.4
23,MIDDLESEX,3145,MIDDLESEX CO REG SER COMM,27.2,35.5,22.5,13.6,0.1,0.1,1.0
23,MIDDLESEX,3150,MIDDLESEX CO VOCATIONAL,30.6,40.9,8.9,18.9,0.1,0.0,0.5
23,MIDDLESEX,3220,MILLTOWN BORO,77.9,14.3,3.0,2.3,0.1,0.5,1.9
23,MIDDLESEX,3290,MONROE TWP,48.0,6.7,3.4,40.6,0.1,0.0,1.2
23,MIDDLESEX,3530,NEW BRUNSWICK CITY,0.8,90.2,8.2,0.6,0.0,0.1,0.2
23,MIDDLESEX,3620,NORTH BRUNSWICK TWP,18.2,34.4,20.9,23.7,0.3,0.2,2.3
23,MIDDLESEX,3845,OLD BRIDGE TWP,59.5,14.3,7.8,17.3,0.1,0.1,0.9
23,MIDDLESEX,4090,PERTH AMBOY CITY,1.4,92.7,5.1,0.5,0.0,0,0.3
23,MIDDLESEX,4130,PISCATAWAY TWP,14.8,19.9,28.5,34.0,0.3,0.2,2.4
23,MIDDLESEX,4660,SAYREVILLE BORO,38.4,23.3,14.7,19.0,0.2,0.1,4.3
23,MIDDLESEX,4830,SOUTH AMBOY CITY,54.0,30.0,10.8,4.4,0.3,0,0.5
23,MIDDLESEX,4860,SOUTH BRUNSWICK TWP,23.1,7.6,7.4,59.4,0.1,0.0,2.4
23,MIDDLESEX,4910,SOUTH PLAINFIELD BORO,42.8,26.4,12.8,16.0,0.5,0.1,1.4
23,MIDDLESEX,4920,SOUTH RIVER BORO,50.4,37.2,7.2,3.1,0.0,0.1,2.1
23,MIDDLESEX,4970,SPOTSWOOD BORO,73.4,15.5,3.5,5.5,0,0.2,1.9
23,MIDDLESEX,5850,WOODBRIDGE TWP,34.6,23.7,10.6,29.9,0,0.0,1.2
25,MONMOUTH,0100,ASBURY PARK CITY,2.1,41.8,55.7,0.2,0.1,0,0.1
25,MONMOUTH,0130,ATLANTIC HIGHLANDS BORO,87.7,6.3,1.3,2.5,0,0.3,1.9
25,MONMOUTH,0180,AVON BORO,84.3,11.4,2.9,1.4,0,0,0
25,MONMOUTH,0225,BAYSHORE JOINTURE COMM,67.3,14.5,12.7,5.5,0,0,0
25,MONMOUTH,0270,BELMAR BORO,39.6,49.9,5.1,1.9,0.6,0,2.9
25,MONMOUTH,0500,BRADLEY BEACH BORO,30.0,63.4,3.8,0.3,0,0,2.5
25,MONMOUTH,0560,BRIELLE BORO,92.1,4.6,0.7,0.7,0.2,0.4,1.3
25,MONMOUTH,0945,COLTS NECK TWP,92.4,2.9,1.8,2.4,0.1,0,0.4
25,MONMOUTH,1000,DEAL BORO,74.0,13.0,10.1,3.0,0,0,0
25,MONMOUTH,1260,EATONTOWN BORO,39.5,24.4,20.8,11.1,0,0,4.2
25,MONMOUTH,1440,FAIR HAVEN BORO,93.7,2.9,0.2,1.1,0.3,0.1,1.6
25,MONMOUTH,1490,FARMINGDALE BORO,62.2,19.9,8.3,1.3,0.6,0,7.7
25,MONMOUTH,1640,FREEHOLD BORO,12.9,75.9,8.6,1.6,0.1,0,0.8
25,MONMOUTH,1650,FREEHOLD REGIONAL,75.1,10.6,3.8,9.1,0.2,0.0,1.2
25,MONMOUTH,1660,FREEHOLD TWP,75.0,10.9,4.2,7.5,0.5,0.6,1.3
25,MONMOUTH,2105,HAZLET TWP,82.0,11.6,1.7,2.6,0.0,0,1.9
25,MONMOUTH,2120,HENRY HUDSON REGIONAL,84.0,8.8,4.0,1.7,0.3,0,1.3
25,MONMOUTH,2160,HIGHLANDS BORO,76.4,16.4,4.1,1.0,0,0,2.1
25,MONMOUTH,2230,HOLMDEL TWP,70.6,4.4,1.2,17.9,0.3,0.1,5.5
25,MONMOUTH,2290,HOWELL TWP,73.4,15.0,3.8,4.9,0.1,0.0,2.7
25,MONMOUTH,2400,KEANSBURG BORO,55.4,23.4,18.3,1.4,0.4,0.3,0.9
25,MONMOUTH,2430,KEYPORT BORO,57.1,32.9,8.0,1.6,0.1,0,0.3
25,MONMOUTH,2720,LITTLE SILVER BORO,92.0,3.2,0.5,3.5,0.1,0,0.7
25,MONMOUTH,2770,LONG BRANCH CITY,26.1,53.9,16.6,1.0,0.0,0.1,2.3
25,MONMOUTH,2920,MANALAPAN-ENGLISHTOWN REG,75.1,9.8,1.7,10.5,0.0,0.1,2.8
25,MONMOUTH,2930,MANASQUAN BORO,85.3,11.0,1.6,1.9,0,0.2,0.1
25,MONMOUTH,3030,MARLBORO TWP,63.6,7.1,1.3,25.6,0.0,0.2,2.3
25,MONMOUTH,3040,MATAWAN-ABERDEEN REGIONAL,60.2,17.7,12.1,6.4,0.1,0.4,3.1
25,MONMOUTH,3160,MIDDLETOWN TWP,86.6,7.2,1.5,2.5,0.2,0.1,1.8
25,MONMOUTH,3200,MILLSTONE TWP,78.1,9.3,2.6,6.1,0.1,0.2,3.6
25,MONMOUTH,3250,MONMOUTH BEACH BORO,96.3,1.2,0,2.0,0,0,0.4
25,MONMOUTH,3255,MONMOUTH-OCEAN ED SER COM,48.6,16.2,29.7,2.7,0,0,2.7
25,MONMOUTH,3260,MONMOUTH CO VOCATIONAL,63.6,9.0,5.6,20.3,0.3,0.2,1.0
25,MONMOUTH,3270,MONMOUTH REGIONAL,53.6,16.8,16.5,9.0,0.2,0.1,3.9
25,MONMOUTH,3500,NEPTUNE CITY,32.4,31.0,29.6,2.1,0,0,4.9
25,MONMOUTH,3510,NEPTUNE TWP,19.8,25.3,46.0,2.2,0.0,0.1,6.6
25,MONMOUTH,3810,OCEAN TWP,62.3,16.4,11.1,8.8,0.1,0,1.2
25,MONMOUTH,3830,OCEANPORT BORO,89.0,8.4,0.5,0.5,0,0,1.5
25,MONMOUTH,4360,RED BANK BORO,7.3,83.8,6.6,0.2,0.1,0,2.0
25,MONMOUTH,4365,RED BANK REGIONAL,59.6,30.5,5.6,2.3,0,0,2.0
25,MONMOUTH,4520,ROOSEVELT BORO,73.2,15.9,6.1,1.2,0,0,3.7
25,MONMOUTH,4570,RUMSON BORO,95.3,2.0,0.4,1.1,0,0,1.2
25,MONMOUTH,4580,RUMSON-FAIR HAVEN REG,93.5,3.0,0.4,0.9,0,0,2.2
25,MONMOUTH,4690,SEA GIRT BORO,95.0,0,2.1,2.1,0,0,0.7
25,MONMOUTH,4760,SHORE REGIONAL,86.3,8.6,1.0,2.2,0,0,2.0
25,MONMOUTH,4770,SHREWSBURY BORO,93.0,3.0,1.1,1.7,0,0,1.3
25,MONMOUTH,4980,SPRING LAKE BORO,94.8,2.6,1.6,1.0,0,0,0
25,MONMOUTH,4990,SPRING LAKE HEIGHTS BORO,91.3,3.6,1.5,1.8,0.3,0.6,0.9
25,MONMOUTH,5185,TINTON FALLS,61.4,15.4,11.0,6.2,0.3,0.1,5.7
25,MONMOUTH,5230,UNION BEACH,80.8,12.2,2.4,2.2,0,0,2.4
25,MONMOUTH,5310,UPPER FREEHOLD REGIONAL,85.9,5.3,3.4,4.2,0,0,1.2
25,MONMOUTH,5420,WALL TWP,85.9,7.7,2.5,1.5,0,0.1,2.3
25,MONMOUTH,5640,WEST LONG BRANCH BORO,81.3,11.6,2.2,1.8,0,0,3.1
27,MORRIS,0450,BOONTON TOWN,58.7,17.4,6.7,15.5,0.8,0.4,0.6
27,MORRIS,0460,BOONTON TWP,86.4,2.5,3.0,5.8,0,0,2.3
27,MORRIS,0630,BUTLER BORO,76.4,18.7,1.7,2.1,0.2,0,0.9
27,MORRIS,0785,SCH DIST OF THE CHATHAMS,78.6,5.3,0.7,11.5,0,0,3.9
27,MORRIS,0820,CHESTER TWP,81.2,11.1,1.5,5.1,0.2,0,0.9
27,MORRIS,1090,DENVILLE TWP,74.9,10.1,2.8,8.6,0.1,0.1,3.4
27,MORRIS,1110,DOVER TOWN,5.3,88.3,3.9,2.3,0,0,0.2
27,MORRIS,1190,EAST HANOVER TWP,72.6,8.1,1.4,16.6,0.1,0,1.2
27,MORRIS,1530,FLORHAM PARK BORO,73.5,6.8,6.0,8.6,0.1,0,5.0
27,MORRIS,1990,HANOVER PARK REGIONAL,77.5,7.6,3.7,10.8,0.1,0,0.1
27,MORRIS,2000,HANOVER TWP,72.4,8.1,3.2,15.1,0.2,0.1,0.8
27,MORRIS,2010,HARDING TOWNSHIP,78.9,4.6,2.6,4.3,1.3,0,8.2
27,MORRIS,2380,JEFFERSON TWP,82.0,9.0,1.5,4.8,0.1,0.2,2.3
27,MORRIS,2460,KINNELON BORO,84.3,6.1,1.0,6.7,0.3,0.4,1.3
27,MORRIS,2650,LINCOLN PARK BORO,69.4,19.5,2.1,7.0,1.3,0,0.6
27,MORRIS,2870,MADISON BORO,75.3,11.9,2.5,8.7,0.1,0.1,1.4
27,MORRIS,3090,MENDHAM BORO,90.5,3.3,0.6,3.1,0,0,2.5
27,MORRIS,3100,MENDHAM TWP,83.4,3.9,2.9,6.6,0,0,3.3
27,MORRIS,3240,MINE HILL TWP,35.1,48.6,2.7,6.8,0,0.3,6.5
27,MORRIS,3340,MONTVILLE TWP,64.5,6.7,1.7,24.0,0.8,0.2,1.9
27,MORRIS,3364,EDUC SERV COMM MORRIS CO,66.1,24.2,4.8,3.2,0,1.6,0
27,MORRIS,3365,MORRIS COUNTY VOCATIONAL,57.9,12.1,1.9,26.0,0.1,0.2,1.8
27,MORRIS,3370,MORRIS HILLS REGIONAL,63.8,23.7,3.0,8.3,0.1,0.0,1.0
27,MORRIS,3380,MORRIS PLAINS BORO,78.6,6.9,4.1,10.4,0,0,0
27,MORRIS,3385,MORRIS SCHOOL DISTRICT,49.9,35.8,8.8,4.2,0.1,0.1,1.0
27,MORRIS,3410,MOUNT ARLINGTON BORO,61.3,22.4,5.0,7.8,0.3,0,3.1
27,MORRIS,3450,MOUNT OLIVE TWP,62.7,14.9,6.5,12.5,0.2,0.1,3.0
27,MORRIS,3460,MOUNTAIN LAKES BORO,74.9,7.8,1.2,13.7,0,0.7,1.7
27,MORRIS,3520,NETCONG BORO,54.4,35.1,5.7,3.2,0.3,0.3,0.9
27,MORRIS,3950,PARSIPPANY-TROY HILLS TWP,37.5,13.4,2.9,43.0,0.1,0.1,3.1
27,MORRIS,4000,LONG HILL TWP,75.9,13.2,0.8,7.8,0.2,0,2.0
27,MORRIS,4080,PEQUANNOCK TWP,86.9,8.9,0.8,2.5,0.1,0.0,0.7
27,MORRIS,4330,RANDOLPH TWP,69.2,14.2,2.8,12.3,0.5,0.1,0.9
27,MORRIS,4440,RIVERDALE BORO,66.6,16.1,5.5,7.6,0,0.6,3.6
27,MORRIS,4480,ROCKAWAY BORO,57.9,28.5,3.5,8.2,0,0,1.9
27,MORRIS,4490,ROCKAWAY TWP,63.6,20.7,3.3,8.9,0.0,0.2,3.2
27,MORRIS,4560,ROXBURY TWP,69.9,18.8,2.9,5.5,0.1,0.1,2.8
27,MORRIS,5520,WASHINGTON TWP,84.7,7.1,1.5,4.6,0,0.1,2.0
27,MORRIS,5660,WEST MORRIS REGIONAL,84.8,6.3,1.1,4.7,0.1,0.2,2.7
27,MORRIS,5770,WHARTON BORO,21.5,67.2,5.9,4.6,0.4,0,0.3
29,OCEAN,0185,BARNEGAT TWP,73.1,13.1,7.7,2.5,0.0,0.0,3.7
29,OCEAN,0210,BAY HEAD BORO,85.2,5.5,3.1,0.8,0.8,0,4.7
29,OCEAN,0230,BEACH HAVEN BORO,N,N,N,N,N,N,N
29,OCEAN,0320,BERKELEY TWP,70.4,18.1,3.9,1.9,0.0,0.1,5.5
29,OCEAN,0530,BRICK TWP,74.0,15.9,5.9,2.5,0.1,0.2,1.3
29,OCEAN,0770,CENTRAL REGIONAL,71.2,16.3,5.9,2.0,0.0,0.0,4.5
29,OCEAN,1150,EAGLESWOOD TWP,85.5,12.3,0,0,0,0,2.2
29,OCEAN,2350,ISLAND HEIGHTS BORO,96.7,0.8,1.6,0,0,0,0.8
29,OCEAN,2360,JACKSON TWP,75.7,13.7,5.9,3.0,0.1,0.1,1.4
29,OCEAN,2480,LACEY TWP,88.0,8.5,0.9,0.9,0.1,0.1,1.5
29,OCEAN,2500,LAKEHURST BORO,55.7,22.2,13.9,5.1,1.7,0.3,1.1
29,OCEAN,2520,LAKEWOOD TWP,5.2,86.1,7.6,0.5,0.1,0.1,0.4
29,OCEAN,2550,LAVALLETTE BORO,90.9,4.9,2.1,1.4,0,0,0.7
29,OCEAN,2690,LITTLE EGG HARBOR TWP,82.9,9.1,3.4,0.9,0,0,3.7
29,OCEAN,2760,LONG BEACH ISLAND,78.3,19.6,1.3,0.9,0,0,0
29,OCEAN,2940,MANCHESTER TWP,65.3,16.4,10.0,4.3,0.3,0.3,3.4
29,OCEAN,3790,OCEAN COUNTY VOCATIONAL,75.0,15.0,5.1,3.2,0.1,0.1,1.6
29,OCEAN,3800,OCEAN GATE BORO,75.7,16.2,4.7,0,0,0,3.4
29,OCEAN,3820,OCEAN TWP,86.2,7.1,0.8,1.0,0,0,4.9
29,OCEAN,4105,PINELANDS REGIONAL,85.4,8.5,2.5,1.5,0.1,0,2.0
29,OCEAN,4190,PLUMSTED TWP,88.4,8.2,2.2,0.8,0,0.2,0.2
29,OCEAN,4210,POINT PLEASANT BORO,88.5,8.9,0.7,0.4,0.7,0.0,0.8
29,OCEAN,4220,POINT PLEASANT BEACH BORO,84.5,11.0,0.6,2.2,0.1,0.1,1.3
29,OCEAN,4710,SEASIDE HEIGHTS BORO,28.1,48.2,14.7,0.9,1.3,0,6.7
29,OCEAN,4950,SOUTHERN REGIONAL,89.6,7.1,1.7,1.0,0.1,0.1,0.4
29,OCEAN,5020,STAFFORD TWP,85.4,10.9,1.0,1.2,0,0.1,1.4
29,OCEAN,5190,TOMS RIVER REGIONAL,71.3,16.5,5.1,3.9,0.2,0.1,3.0
29,OCEAN,5220,TUCKERTON BORO,86.7,10.4,0.4,0.7,0,0.4,1.4
31,PASSAIC,0420,BLOOMINGDALE BORO,69.5,22.7,2.6,2.1,2.8,0,0.4
31,PASSAIC,0900,CLIFTON CITY,31.6,56.3,4.2,7.0,0.0,0.4,0.4
31,PASSAIC,1920,HALEDON BORO,20.2,59.2,12.6,7.3,0,0,0.7
31,PASSAIC,2100,HAWTHORNE BORO,59.7,33.4,3.5,2.3,0.1,0.0,1.0
31,PASSAIC,2510,LAKELAND REGIONAL,78.8,12.2,2.2,3.8,0.3,1.1,1.4
31,PASSAIC,2700,LITTLE FALLS TWP,73.1,17.6,0.7,3.9,0.9,0.2,3.6
31,PASSAIC,3640,NORTH HALEDON BORO,83.1,11.8,3.0,1.7,0.2,0,0.3
31,PASSAIC,3970,PASSAIC CITY,0.8,93.1,4.1,1.7,0.2,0.0,0.0
31,PASSAIC,3975,NORTHERN REGION EDUCATIONAL SERVICES COMMISSION,21.4,50.0,28.6,0,0,0,0
31,PASSAIC,3980,PASSAIC CO MANCHESTER REG,16.7,59.3,19.4,3.8,0.8,0,0
31,PASSAIC,3990,PASSAIC VALLEY REGIONAL,62.0,29.6,3.0,4.1,0.2,0.2,1.0
31,PASSAIC,3995,PASSAIC COUNTY VOCATIONAL,17.0,60.7,11.3,9.6,0.1,0.0,1.3
31,PASSAIC,4010,PATERSON CITY,5.2,67.5,21.9,5.3,0.0,0,0
31,PASSAIC,4230,POMPTON LAKES BORO,70.9,20.1,2.5,5.6,0.7,0.2,0
31,PASSAIC,4270,PROSPECT PARK BORO,8.7,73.5,13.6,3.1,0.3,0,0.8
31,PASSAIC,4400,RINGWOOD BORO,85.8,7.3,1.3,1.0,0.7,1.8,2.1
31,PASSAIC,5200,TOTOWA BORO,58.8,28.7,2.8,9.3,0.3,0.1,0
31,PASSAIC,5440,WANAQUE BORO,69.9,19.0,5.9,3.9,0.2,0.1,1.0
31,PASSAIC,5570,WAYNE TWP,74.5,11.4,1.5,11.2,0.1,0.1,1.2
31,PASSAIC,5650,WEST MILFORD TWP,88.7,7.4,1.4,1.4,0.1,0.4,0.7
31,PASSAIC,5690,WOODLAND PARK,50.6,40.3,3.9,3.2,0.1,0.2,1.7
33,SALEM,0060,ALLOWAY TWP,85.0,3.2,3.2,0.3,0,0.8,7.5
33,SALEM,1350,ELSINBORO TWP,75.4,8.5,4.2,0.8,0,0,11.0
33,SALEM,2800,LOWER ALLOWAYS CREEK,95.7,0.6,2.5,0,0.6,0,0.6
33,SALEM,2950,MANNINGTON TWP,73.2,12.7,5.7,0.6,0,0,7.6
33,SALEM,3860,OLDMANS TWP,82.5,6.9,8.8,0.7,0,0.4,0.7
33,SALEM,4070,PENNS GRV-CARNEY'S PT REG,25.6,36.5,36.8,0.5,0,0,0.6
33,SALEM,4075,PENNSVILLE,84.2,7.8,2.2,1.4,0,0.6,3.7
33,SALEM,4150,PITTSGROVE TWP,76.5,9.8,7.0,1.0,0.1,0.1,5.5
33,SALEM,4280,QUINTON TWP,63.4,8.5,14.8,0.9,0.3,0,12.0
33,SALEM,4630,SALEM CITY,14.4,13.2,69.9,0.4,0,0.3,1.9
33,SALEM,4635,SALEM CO SPECIAL SERVICE,36.8,31.6,27.7,0,0,0.4,3.6
33,SALEM,4640,SALEM COUNTY VOCATIONAL,81.4,7.3,6.9,0.5,0,0.1,3.8
33,SALEM,5320,UPPER PITTSGROVE TWP,87.5,8.6,2.4,0,0,0,1.5
33,SALEM,5910,WOODSTOWN-PILESGROVE REG,74.7,9.4,10.0,1.1,0.2,0,4.7
35,SOMERSET,0240,BEDMINSTER TWP,65.8,15.2,2.5,12.4,0.2,0.2,3.8
35,SOMERSET,0350,BERNARDS TWP,60.7,6.8,0.9,28.6,0,0.0,3.0
35,SOMERSET,0490,BOUND BROOK BORO,13.5,73.7,9.3,0.9,0.7,0.1,1.7
35,SOMERSET,0510,BRANCHBURG TWP,75.7,7.2,2.9,10.6,0.1,0.1,3.3
35,SOMERSET,0555,BRIDGEWATER-RARITAN REG,48.5,15.5,2.6,29.0,0.4,0,3.9
35,SOMERSET,1610,FRANKLIN TWP,11.7,32.8,37.2,15.9,0.2,0.3,2.0
35,SOMERSET,1810,GREEN BROOK TWP,45.6,14.8,6.1,29.4,0.1,0.1,3.8
35,SOMERSET,2170,HILLSBOROUGH TWP,57.5,9.2,5.3,27.0,0.5,0.1,0.5
35,SOMERSET,3000,MANVILLE BORO,47.1,42.2,7.6,1.9,0.1,0.1,1.0
35,SOMERSET,3320,MONTGOMERY TWP,40.1,5.7,2.6,49.3,0.4,0.1,1.8
35,SOMERSET,3670,NORTH PLAINFIELD BORO,11.2,64.9,19.1,3.9,0.0,0.2,0.6
35,SOMERSET,4805,SOMERSET CO ED SERV COMM,10.7,24.6,62.3,1.6,0,0,0.8
35,SOMERSET,4810,SOMERSET CO VOCATIONAL,53.2,18.6,8.8,17.8,0,0,1.6
35,SOMERSET,4815,SOMERSET HILLS REGIONAL,71.5,20.0,0.7,5.0,0,0,2.7
35,SOMERSET,4820,SOMERVILLE BORO,49.0,29.0,9.4,9.7,0.2,0.0,2.7
35,SOMERSET,4850,SOUTH BOUND BROOK,28.2,52.2,9.8,5.1,0.2,0,4.4
35,SOMERSET,5470,WARREN TWP,61.7,9.1,1.5,21.9,0.2,0,5.6
35,SOMERSET,5540,WATCHUNG BORO,58.4,9.6,6.5,21.7,0.3,0.1,3.4
35,SOMERSET,5550,WATCHUNG HILLS REGIONAL,66.5,9.5,3.0,16.8,0.3,0.1,3.8
37,SUSSEX,0090,ANDOVER REG,79.8,11.6,2.1,3.2,0,0.4,2.8
37,SUSSEX,0640,BYRAM TWP,90.1,6.3,1.7,1.2,0.1,0,0.6
37,SUSSEX,1560,FRANKFORD TWP,89.1,4.5,0.8,0.6,0,0,5.1
37,SUSSEX,1570,FRANKLIN BORO,75.5,16.1,4.6,1.7,0,0,2.2
37,SUSSEX,1630,FREDON TWP,88.2,7.3,0.5,1.8,0,0,2.3
37,SUSSEX,1800,GREEN TWP,89.4,5.6,2.3,1.9,0.2,0,0.7
37,SUSSEX,1930,HAMBURG BORO,75.7,10.6,8.9,3.0,0,0,1.7
37,SUSSEX,1980,HAMPTON TWP,93.0,4.5,0.7,1.0,0,0,0.7
37,SUSSEX,2030,HARDYSTON TWP,83.8,8.5,3.8,2.6,0,0,1.3
37,SUSSEX,2165,HIGH POINT REGIONAL,88.3,6.4,3.1,2.0,0,0.1,0.1
37,SUSSEX,2240,HOPATCONG,72.1,20.9,4.0,2.2,0.4,0.1,0.3
37,SUSSEX,2465,KITTATINNY REGIONAL,93.5,3.9,0.4,1.2,0.5,0,0.5
37,SUSSEX,2490,LAFAYETTE TWP,86.9,10.0,0.9,0,0,0,2.2
37,SUSSEX,2615,LENAPE VALLEY REGIONAL,80.7,12.8,3.1,2.6,0.6,0.1,0
37,SUSSEX,3300,MONTAGUE TWP,78.0,13.3,1.2,4.1,0,0.4,2.9
37,SUSSEX,3590,NEWTON TOWN,70.7,17.7,6.3,3.3,0.7,0.1,1.3
37,SUSSEX,3840,OGDENSBURG BORO,90.1,7.7,1.3,0.9,0,0,0
37,SUSSEX,4650,SANDYSTON-WALPACK TWP,87.9,7.1,0.7,0.7,0,0,3.5
37,SUSSEX,4960,SPARTA TWP,89.7,4.7,1.7,3.4,0.3,0.1,0.1
37,SUSSEX,5030,STANHOPE BORO,75.2,17.4,2.8,3.7,0,0,0.9
37,SUSSEX,5040,STILLWATER TWP,95.1,3.1,0,0,0,0,1.7
37,SUSSEX,5100,SUSSEX-WANTAGE REGIONAL,91.9,4.2,1.2,1.1,0,0,1.7
37,SUSSEX,5105,SUSSEX CO ED SERV COMM,87.5,5.0,5.0,0,0,2.5,0
37,SUSSEX,5110,SUSSEX COUNTY VOCATIONAL,91.0,6.5,1.0,1.2,0,0.3,0
37,SUSSEX,5360,VERNON TWP,83.3,10.1,2.2,1.7,0.2,0.1,2.4
37,SUSSEX,5435,WALLKILL VALLEY REGIONAL,81.6,10.3,4.2,2.4,0,0.2,1.3
39,UNION,0310,BERKELEY HEIGHTS TWP,69.1,11.1,1.3,13.2,0,0.1,5.2
39,UNION,0850,CLARK TWP,85.1,10.1,1.0,3.3,0.3,0,0.2
39,UNION,0980,CRANFORD TWP,82.4,8.0,3.4,4.1,0.0,0.0,1.9
39,UNION,1320,ELIZABETH CITY,8.0,72.1,18.1,1.6,0.2,0.0,0.0
39,UNION,1710,GARWOOD BORO,74.8,22.3,0.5,0.8,0,0,1.6
39,UNION,2190,HILLSIDE TWP,10.4,25.6,61.3,1.7,0.4,0.1,0.5
39,UNION,2420,KENILWORTH BORO,57.5,28.4,7.2,4.4,0.4,0.1,1.9
39,UNION,2660,LINDEN CITY,20.3,40.9,34.0,2.5,0.3,0.2,1.7
39,UNION,3395,MORRIS-UNION JOINTURE COM,41.4,17.6,28.5,11.3,0.4,0,0.8
39,UNION,3470,MOUNTAINSIDE BORO,80.3,7.2,2.0,8.7,0.4,0.1,1.2
39,UNION,3560,NEW PROVIDENCE BORO,69.7,9.1,1.6,18.7,0.0,0.1,0.8
39,UNION,4160,PLAINFIELD CITY,0.6,70.8,27.6,0.3,0.2,0.1,0.3
39,UNION,4290,RAHWAY CITY,14.8,43.2,35.5,2.9,0.1,0.1,3.3
39,UNION,4540,ROSELLE BORO,2.6,39.8,55.7,1.3,0.1,0.1,0.4
39,UNION,4550,ROSELLE PARK BORO,33.6,48.5,8.9,7.2,0.2,0.1,1.4
39,UNION,4670,SCOTCH PLAINS-FANWOOD REG,66.2,12.9,7.2,9.5,0.1,0.0,4.0
39,UNION,5000,SPRINGFIELD TWP,57.1,19.9,9.9,9.7,0.8,0.0,2.5
39,UNION,5090,SUMMIT CITY,63.4,17.7,3.5,9.0,0,0.1,6.3
39,UNION,5245,UNION CO ED SERV COMM,22.7,39.7,33.9,3.5,0,0,0.3
39,UNION,5260,UNION COUNTY VOCATIONAL,43.1,22.2,15.6,17.0,0.2,0.2,1.8
39,UNION,5290,UNION TWP,20.0,25.2,42.8,9.5,0.6,0.0,2.1
39,UNION,5730,WESTFIELD TOWN,81.6,5.6,2.2,8.6,0.1,0,1.9
39,UNION,5810,WINFIELD TWP,64.9,20.9,9.7,2.2,0,0,2.2
41,WARREN,0030,ALLAMUCHY TWP,75.7,11.6,5.0,3.3,0,0,4.5
41,WARREN,0070,ALPHA BORO,75.4,14.2,6.6,2.4,0,0,1.4
41,WARREN,0280,BELVIDERE TOWN,87.1,7.1,1.1,0.9,0,0.3,3.5
41,WARREN,0400,BLAIRSTOWN TWP,85.8,8.8,0.9,1.5,0.9,0,2.1
41,WARREN,1620,FRANKLIN TWP,88.2,2.7,3.2,4.1,0,0,1.8
41,WARREN,1670,FRELINGHUYSEN TWP,90.8,2.8,0.7,0,0,0,5.7
41,WARREN,1785,GREAT MEADOWS REGIONAL,86.1,9.2,0.9,1.4,0.1,0,2.2
41,WARREN,1840,GREENWICH TWP,73.3,6.7,9.9,8.5,0.1,0,1.4
41,WARREN,1870,HACKETTSTOWN,67.3,22.9,3.2,4.1,0.2,0.3,2.2
41,WARREN,2040,HARMONY TWP,95.7,2.0,0.8,0,0,0.4,1.2
41,WARREN,2250,HOPE TWP,84.7,10.4,2.1,2.8,0,0,0
41,WARREN,2470,KNOWLTON TWP,90.3,4.3,0,1.6,0,0,3.8
41,WARREN,2790,LOPATCONG TWP,73.6,10.2,8.8,6.9,0.1,0.4,0
41,WARREN,2970,MANSFIELD TWP,61.9,25.3,6.5,2.4,0,0,3.8
41,WARREN,3675,NORTH WARREN REGIONAL,89.9,5.8,2.0,1.4,0,0.2,0.7
41,WARREN,3890,OXFORD TWP,92.8,5.4,0.4,1.1,0,0,0.4
41,WARREN,4100,PHILLIPSBURG TOWN,55.7,20.3,16.7,2.2,0.1,0.1,4.9
41,WARREN,4200,POHATCONG TWP,88.1,3.2,4.5,1.0,0,0,3.2
41,WARREN,5450,WARREN CO SPECIAL SERVICE,81.8,18.2,0,0,0,0,0
41,WARREN,5460,WARREN COUNTY VOCATIONAL,77.1,13.9,6.5,0.4,0,0,2.0
41,WARREN,5465,WARREN HILLS REGIONAL,77.4,12.5,5.9,3.5,0,0,0.7
41,WARREN,5480,WASHINGTON BORO,64.7,20.6,11.1,2.9,0,0,0.6
41,WARREN,5530,WASHINGTON TWP,80.8,9.5,3.7,3.1,0.2,0,2.6
41,WARREN,5780,WHITE TWP,88.9,6.5,1.1,0.8,0,0,2.7
80,CHARTERS,6010,ACADEMY CHARTER HIGH SCHOOL,1.2,22.6,74.3,0,0,0,1.9
80,CHARTERS,6013,BERGEN ARTS AND SCIENCES CHARTER SCHOOL,34.7,43.4,11.7,9.4,0.1,0.1,0.6
80,CHARTERS,6017,FOUNDATION ACADEMY CS,0.6,45.7,52.1,0.5,0.1,0.1,1.0
80,CHARTERS,6018,CENTRAL JERSEY COLLEGE PREP CHARTER SCHOOL,13.0,14.3,25.2,47.2,0,0,0.3
80,CHARTERS,6020,PRIDE ACADEMY CHARTER SCHOOL,0,4.2,95.8,0,0,0,0
80,CHARTERS,6021,COMMUNITY CHARTER SCHOOL OF PATERSO,1.6,63.8,33.5,1.1,0,0,0
80,CHARTERS,6022,BURCH CHARTER SCHOOL OF EXCELLENCE,0,4.5,94.6,0.8,0,0,0
80,CHARTERS,6025,PAUL ROBESON HUMANITIES  CHARTER SCHOOL,0.3,73.4,26.1,0.3,0,0,0
80,CHARTERS,6026,RIVERBANK CHARTER SCHOOL OF EXCELLE,59.7,4.2,21.5,14.6,0,0,0
80,CHARTERS,6028,VINELAND PUBLIC CHARTER SCHOOL,25.1,41.8,27.9,1.2,0,0.2,3.8
80,CHARTERS,6029,NEWARK EDUCATORS COMMUNITY CHARTER SCHOOL,0.7,18.3,79.7,0.3,0,0,1.0
80,CHARTERS,6030,THE ETHICAL COMMUNITY CHARTER SCHOOL,25.9,28.9,10.7,28.3,0.3,0,5.9
80,CHARTERS,6032,ACADEMY FOR URBAN LEADERSHIP CHARTER SCHOOL,0.4,94.3,5.0,0.2,0.2,0,0
80,CHARTERS,6033,THE BARACK OBAMA GREEN CHARTER HIGH SCHOOL,1.7,63.3,33.3,1.7,0,0,0
80,CHARTERS,6036,HOLA HOBOKEN DUAL LANG CS,56.7,29.7,2.3,4.6,0.5,0.8,5.4
80,CHARTERS,6041,HATIKVAH INTERNATIONAL CS,63.0,6.9,8.7,19.3,0,0,2.1
80,CHARTERS,6053,GREAT OAKS LEGACY CHARTER SCHOOL,0.4,11.4,87.6,0.4,0,0,0.2
80,CHARTERS,6057,PEOPLES PREPARATORY CHARTER SCHOOL,0.8,11.6,86.8,0,0.3,0,0.5
80,CHARTERS,6058,ROSEVILLE COMMUNITY CS,0.6,50.5,48.0,0.9,0,0,0
80,CHARTERS,6060,ATLANTIC COMMUNITY CHARTER SCHOOL,1.4,14.3,83.0,1.1,0.3,0,0
80,CHARTERS,6064,DR LENA EDWARDS ACADEMIC CHARTER SCHOOL,0.3,9.4,89.0,0.5,0,0.3,0.5
80,CHARTERS,6067,KINGDOM CS OF LEADERSHIP,4.2,15.3,76.2,2.1,0,0.5,1.6
80,CHARTERS,6068,M E T S CHARTER SCHOOL,3.0,43.0,47.0,6.9,0,0.1,0
80,CHARTERS,6069,MILLVILLE PUBLIC CHARTER SCHOOL,19.6,22.0,55.7,2.7,0,0,0
80,CHARTERS,6076,BENJAMIN BANNEKER PREP CS,0,11.0,88.5,0.5,0,0,0
80,CHARTERS,6079,JOHN P HOLLAND CHARTER SCHOOL,0.3,68.8,30.6,0.3,0,0,0
80,CHARTERS,6080,PASSAIC ARTS AND SCIENCE CHARTER SCHOOL,4.1,81.9,10.2,2.6,0.1,0.5,0.6
80,CHARTERS,6081,THOMAS EDISON ENERGYSMART CHARTER SCHOOL,11.1,5.3,17.1,63.3,0.2,1.3,1.7
80,CHARTERS,6082,BELOVED COMMUNITY CHARTER SCHOOL,13.7,28.6,31.0,21.8,0.5,0.3,4.0
80,CHARTERS,6086,HOPE COMMUNITY CS,0,53.1,46.4,0,0,0,0.5
80,CHARTERS,6089,COMPASS ACADEMY CS,24.9,53.2,19.4,0,0,0,2.5
80,CHARTERS,6093,JERSEY CITY GLOBAL CS,4.9,40.7,11.2,42.9,0,0.3,0
80,CHARTERS,6094,PHILLIP'S ACADEMY CHARTER SCHOOL,1.2,10.4,84.5,0.7,0,0.2,3.0
80,CHARTERS,6096,PATERSON ARTS AND SCIENCE CHARTER SCHOOL,2.2,67.1,29.4,1.0,0,0.3,0
80,CHARTERS,6099,LINK COMMUNITY CHARTER SCHOOL,0,3.1,96.5,0,0,0,0.3
80,CHARTERS,6100,BRIDGETON PUBLIC CHARTER SCHOOL,3.0,48.5,45.5,1.0,0,1.0,1.0
80,CHARTERS,6101,COLLEGE ACHIEVE CENTRAL CHARTER SCHOOL,0.6,72.9,25.7,0.3,0,0,0.5
80,CHARTERS,6102,CRESTHAVEN ACADEMY CHARTER SCHOOL,0,79.1,20.3,0.7,0,0,0
80,CHARTERS,6103,EMPOWERMENT ACADEMY CHARTER SCHOOL,9.9,22.4,35.5,29.2,0.4,0,2.6
80,CHARTERS,6104,INTERNATIONAL ACADEMY OF ATLANTIC CITY CHARTER SCHOOL,2.1,42.2,54.7,0.3,0,0.6,0
80,CHARTERS,6105,HUDSON ARTS AND SCIENCE  CHARTER SCHOOL,22.1,69.5,4.4,3.4,0,0.2,0.4
80,CHARTERS,6106,PHILIP’S CHARTER SCHOOL OF PATERSON,0,72.5,27.5,0,0,0,0
80,CHARTERS,6107,CAMDEN’S PROMISE CHARTER SCHOOL,0,76.8,22.8,0.3,0,0,0.2
80,CHARTERS,6109,LEAD CHARTER SCHOOL,0.8,11.7,87.5,0,0,0,0
80,CHARTERS,6110,ACHIEVE COMMUNITY CHARTER SCHOOL,0,1.6,98.4,0,0,0,0
80,CHARTERS,6182,INTERNATIONAL ACADEMY OF TRENTON CHARTER SCHOOL,0,28.2,71.8,0,0,0,0
80,CHARTERS,6183,TRENTON STEM-TO-CIVICS CS,0.3,33.6,65.6,0.5,0,0,0
80,CHARTERS,6184,GREAT FUTURES CHARTER SCHOOL,7.8,22.7,63.1,4.4,1.7,0,0.3
